@RELATION dados_arvore

@ATTRIBUTE heading {2,1,10,3,8,5,4}
@ATTRIBUTE day NUMERIC
@ATTRIBUTE locations NUMERIC
@ATTRIBUTE types NUMERIC
@ATTRIBUTE sensor_id NUMERIC

@DATA
8,6,2,30,94
8,6,2,26,143
8,6,2,26,143
8,6,2,26,143
8,6,2,26,143
8,6,2,26,143
8,6,2,26,143
8,6,2,71,129
8,6,2,71,129
8,6,2,71,129
8,6,2,71,129
8,6,2,30,131
8,6,2,30,131
8,6,2,30,131
8,6,2,30,131
8,6,2,30,131
8,6,2,30,131
8,6,2,30,131
8,6,2,30,131
8,2,2,30,94
8,2,2,26,143
8,2,2,26,143
8,2,2,26,143
8,2,2,26,143
8,2,2,26,143
8,2,2,26,143
8,2,2,26,143
8,2,2,30,131
8,2,2,30,131
8,2,2,30,131
8,2,2,30,131
8,2,2,30,131
8,2,2,30,131
8,2,2,30,131
8,2,2,30,131
8,2,2,30,131
8,2,2,30,131
8,2,2,30,131
8,7,2,30,94
8,7,2,30,94
8,7,2,30,94
8,7,2,30,94
8,7,2,30,94
8,7,2,30,94
8,7,2,30,94
8,7,2,30,94
8,7,2,30,94
8,7,2,30,94
8,7,2,30,94
8,7,2,30,94
8,7,2,30,94
8,7,2,30,94
8,7,2,30,94
8,7,2,30,94
8,7,2,30,94
8,7,2,30,94
8,7,2,30,94
8,7,2,30,94
8,7,2,30,99
8,7,2,30,99
8,7,2,30,99
8,7,2,30,99
8,7,2,30,99
8,7,2,30,99
8,7,2,30,99
8,7,2,30,106
8,7,2,30,106
8,7,2,30,106
8,7,2,30,106
8,7,2,30,106
8,7,2,30,106
8,7,2,30,118
8,7,2,30,118
8,7,2,30,118
8,7,2,30,118
8,7,2,30,118
8,7,2,30,118
8,7,2,30,118
8,7,2,30,118
8,7,2,30,118
8,7,2,30,118
8,7,2,30,118
8,7,2,30,118
8,7,2,30,118
8,7,2,30,118
8,7,2,30,118
8,7,2,30,118
8,7,2,30,118
8,7,2,30,118
8,7,2,30,118
8,7,2,30,118
8,7,2,30,118
8,7,2,30,118
8,7,2,29,119
8,7,2,26,143
8,7,2,26,143
8,7,2,26,143
8,7,2,26,143
8,7,2,26,143
8,7,2,26,143
8,7,2,26,143
8,7,2,26,143
8,7,2,26,143
8,7,2,26,143
8,7,2,26,143
8,7,2,26,143
8,7,2,26,143
8,7,2,26,143
8,7,2,26,143
8,7,2,26,143
8,7,2,26,143
8,7,2,71,129
8,7,2,71,129
8,7,2,71,129
8,7,2,71,129
8,7,2,71,129
8,7,2,71,129
8,7,2,71,129
8,7,2,71,129
8,7,2,71,129
8,7,2,71,129
8,7,2,71,129
8,7,2,71,129
8,7,2,71,129
8,7,2,71,129
8,7,2,71,129
8,7,2,71,129
8,7,2,71,129
8,7,2,71,129
8,7,2,71,129
8,7,2,30,131
8,7,2,30,131
8,7,2,30,131
8,7,2,30,131
8,7,2,30,131
8,7,2,30,131
8,7,2,30,131
8,7,2,30,131
8,7,2,30,131
8,7,2,30,131
8,7,2,30,131
8,7,2,30,131
8,7,2,30,131
8,7,2,30,131
8,7,2,30,131
8,7,2,30,131
8,7,2,30,131
8,7,2,30,131
8,7,2,30,131
8,7,2,30,131
8,1,2,26,143
8,1,2,26,143
8,1,2,26,143
8,1,2,26,143
8,1,2,26,143
8,1,2,26,143
8,1,2,26,143
8,1,2,71,129
8,1,2,71,129
8,1,2,71,129
8,1,2,71,129
8,1,2,71,129
8,1,2,30,131
8,1,2,30,131
8,1,2,30,131
8,1,2,30,131
8,1,2,30,131
8,4,2,30,94
8,4,2,30,94
8,4,2,30,94
8,4,2,30,106
8,4,2,30,106
8,4,2,29,119
8,4,2,29,119
8,4,2,26,143
8,4,2,26,143
8,4,2,26,143
8,4,2,26,143
8,4,2,26,143
8,4,2,26,143
8,4,2,26,143
8,4,2,26,143
8,4,2,26,143
8,4,2,26,143
8,4,2,26,143
8,4,2,26,143
8,4,2,26,143
8,4,2,30,131
8,4,2,30,131
8,4,2,30,131
8,4,2,30,131
8,4,2,30,131
8,4,2,30,131
8,4,2,30,131
8,4,2,30,131
8,4,2,30,131
8,4,2,30,131
8,4,2,30,131
8,4,2,30,131
8,4,2,30,131
8,4,2,30,131
8,4,2,30,131
8,4,2,30,131
8,4,2,30,131
8,4,2,30,131
8,4,2,30,131
8,4,2,30,131
8,3,2,26,143
8,3,2,26,143
8,3,2,26,143
8,3,2,26,143
8,3,2,26,143
8,3,2,26,143
8,3,2,30,131
8,3,2,30,131
8,3,2,30,131
8,3,2,30,131
8,3,2,30,131
8,3,2,30,131
8,4,2,29,119
8,4,2,29,119
8,4,2,26,143
8,4,2,26,143
8,4,2,26,143
8,4,2,26,143
8,4,2,26,143
8,4,2,26,143
8,4,2,26,143
8,4,2,26,143
8,4,2,26,143
8,4,2,26,143
8,4,2,26,143
8,4,2,30,131
8,4,2,30,131
8,4,2,30,131
8,4,2,30,131
3,6,2,3,51
3,6,2,3,53
3,6,2,3,53
3,6,2,3,53
3,6,2,3,53
3,6,2,3,53
3,6,2,3,53
3,6,2,3,53
3,6,2,3,53
3,6,2,3,53
3,6,2,3,53
3,6,2,3,53
3,6,2,3,53
3,6,2,3,53
3,6,2,3,55
3,6,2,3,55
3,6,2,3,55
3,6,2,3,55
3,6,2,3,55
3,6,2,3,55
3,6,2,3,55
3,6,2,3,59
3,6,2,3,59
3,6,2,3,59
3,6,2,3,59
3,6,2,3,59
3,6,2,3,61
3,6,2,3,61
3,6,2,3,61
3,6,2,3,61
3,6,2,3,63
3,6,2,3,63
3,6,2,3,63
3,6,2,3,66
3,6,2,3,66
3,6,2,3,66
3,6,2,3,66
3,6,2,3,66
3,6,2,3,66
3,6,2,3,66
3,6,2,3,66
3,6,2,3,72
3,6,2,3,72
3,6,2,3,72
3,6,2,3,72
3,6,2,3,72
3,6,2,3,72
3,6,2,3,72
3,6,2,3,72
3,6,2,3,72
3,6,2,3,72
3,6,2,3,72
3,6,2,3,72
3,6,2,3,72
3,6,2,3,72
3,6,2,3,73
3,6,2,3,73
3,6,2,3,73
3,6,2,3,73
3,6,2,3,73
3,6,2,3,73
3,6,2,3,73
3,6,2,3,73
3,6,2,3,73
3,6,2,3,73
3,6,2,3,73
3,6,2,3,73
3,6,2,3,73
3,6,2,3,80
3,6,2,3,80
3,6,2,3,80
3,6,2,3,80
3,6,2,3,80
3,6,2,3,80
3,6,2,3,80
3,6,2,3,80
3,6,2,3,80
3,6,2,3,80
3,6,2,3,80
3,6,2,3,80
3,6,2,3,80
3,6,2,3,80
3,6,2,3,80
3,6,2,31,70
3,6,2,31,70
3,6,2,31,70
3,6,2,31,70
3,6,2,31,70
3,6,2,31,70
3,6,2,31,70
3,6,2,31,70
3,6,2,31,70
3,6,2,31,70
3,6,2,31,70
3,6,2,31,70
3,6,2,31,70
3,6,2,31,70
3,6,2,31,70
3,6,2,31,70
3,6,2,31,70
3,6,2,4,84
3,6,2,4,84
3,6,2,4,84
3,6,2,4,84
3,6,2,4,84
3,6,2,4,84
3,6,2,4,84
3,6,2,4,84
3,6,2,4,84
3,6,2,4,84
3,6,2,4,84
3,6,2,4,84
3,6,2,4,84
3,6,2,4,84
3,6,2,4,84
3,6,2,4,84
3,6,2,4,84
3,6,2,4,84
3,6,2,4,135
3,6,2,4,135
3,6,2,4,135
3,6,2,4,135
3,6,2,4,135
3,6,2,4,135
3,6,2,4,135
3,6,2,4,135
3,6,2,22,90
3,6,2,22,90
3,6,2,22,90
3,6,2,22,90
3,6,2,22,90
3,6,2,22,90
3,6,2,22,90
3,6,2,22,90
3,6,2,22,90
3,6,2,22,90
3,6,2,9,95
3,6,2,9,95
3,6,2,9,95
3,6,2,9,105
3,6,2,9,105
3,6,2,9,120
3,6,2,9,120
3,6,2,9,120
3,6,2,9,120
3,6,2,9,120
3,6,2,9,120
3,6,2,23,142
3,6,2,23,142
3,6,2,23,142
3,6,2,23,142
3,6,2,23,142
3,6,2,23,142
3,2,2,3,53
3,2,2,3,53
3,2,2,3,53
3,2,2,3,55
3,2,2,3,55
3,2,2,3,55
3,2,2,3,55
3,2,2,3,61
3,2,2,3,61
3,2,2,3,63
3,2,2,3,72
3,2,2,3,72
3,2,2,3,72
3,2,2,3,72
3,2,2,3,72
3,2,2,3,73
3,2,2,3,80
3,2,2,3,80
3,2,2,3,80
3,2,2,3,80
3,2,2,3,80
3,2,2,4,84
3,2,2,4,84
3,2,2,4,84
3,2,2,4,84
3,2,2,4,84
3,2,2,4,84
3,2,2,4,84
3,2,2,4,84
3,2,2,4,84
3,2,2,22,90
3,2,2,22,90
3,2,2,9,120
3,7,5,12,85
3,7,2,3,51
3,7,2,3,51
3,7,2,3,51
3,7,2,3,51
3,7,2,3,51
3,7,2,3,51
3,7,2,3,53
3,7,2,3,53
3,7,2,3,53
3,7,2,3,53
3,7,2,3,53
3,7,2,3,53
3,7,2,3,53
3,7,2,3,53
3,7,2,3,53
3,7,2,3,53
3,7,2,3,53
3,7,2,3,53
3,7,2,3,53
3,7,2,3,55
3,7,2,3,55
3,7,2,3,55
3,7,2,3,55
3,7,2,3,55
3,7,2,3,55
3,7,2,3,55
3,7,2,3,55
3,7,2,3,55
3,7,2,3,55
3,7,2,3,55
3,7,2,3,55
3,7,2,3,55
3,7,2,3,55
3,7,2,3,55
3,7,2,3,55
3,7,2,3,55
3,7,2,3,55
3,7,2,3,55
3,7,2,3,55
3,7,2,3,55
3,7,2,3,55
3,7,2,3,59
3,7,2,3,59
3,7,2,3,59
3,7,2,3,59
3,7,2,3,59
3,7,2,3,59
3,7,2,3,59
3,7,2,3,61
3,7,2,3,61
3,7,2,3,61
3,7,2,3,61
3,7,2,3,61
3,7,2,3,61
3,7,2,3,61
3,7,2,3,61
3,7,2,3,61
3,7,2,3,63
3,7,2,3,63
3,7,2,3,63
3,7,2,3,63
3,7,2,3,63
3,7,2,3,63
3,7,2,3,66
3,7,2,3,66
3,7,2,3,66
3,7,2,3,66
3,7,2,3,66
3,7,2,3,66
3,7,2,3,66
3,7,2,3,66
3,7,2,3,72
3,7,2,3,72
3,7,2,3,72
3,7,2,3,72
3,7,2,3,72
3,7,2,3,72
3,7,2,3,72
3,7,2,3,72
3,7,2,3,72
3,7,2,3,72
3,7,2,3,72
3,7,2,3,72
3,7,2,3,72
3,7,2,3,72
3,7,2,3,73
3,7,2,3,73
3,7,2,3,80
3,7,2,3,80
3,7,2,3,80
3,7,2,3,80
3,7,2,3,80
3,7,2,3,80
3,7,2,3,80
3,7,2,3,80
3,7,2,3,80
3,7,2,3,80
3,7,2,3,80
3,7,2,3,80
3,7,2,3,83
3,7,2,3,83
3,7,2,3,83
3,7,2,3,83
3,7,2,3,83
3,7,2,3,83
3,7,2,3,83
3,7,2,3,83
3,7,2,3,83
3,7,2,3,83
3,7,2,3,83
3,7,2,3,83
3,7,2,3,83
3,7,2,3,83
3,7,2,3,89
3,7,2,3,132
3,7,2,3,132
3,7,2,3,132
3,7,2,3,132
3,7,2,3,132
3,7,2,3,132
3,7,2,3,138
3,7,2,3,138
3,7,2,3,138
3,7,2,3,138
3,7,2,3,138
3,7,2,3,138
3,7,2,3,138
3,7,2,3,138
3,7,2,31,70
3,7,2,31,70
3,7,2,31,70
3,7,2,31,70
3,7,2,31,70
3,7,2,31,70
3,7,2,31,70
3,7,2,31,70
3,7,2,31,70
3,7,2,31,70
3,7,2,31,70
3,7,2,31,70
3,7,2,31,70
3,7,2,31,70
3,7,2,31,70
3,7,2,31,70
3,7,2,31,70
3,7,2,31,70
3,7,2,31,70
3,7,2,31,70
3,7,2,31,70
3,7,2,31,70
3,7,2,31,70
3,7,2,31,70
3,7,2,31,70
3,7,2,31,70
3,7,2,31,70
3,7,2,31,70
3,7,2,4,52
3,7,2,4,52
3,7,2,4,52
3,7,2,4,52
3,7,2,4,52
3,7,2,4,52
3,7,2,4,52
3,7,2,4,69
3,7,2,4,69
3,7,2,4,69
3,7,2,4,69
3,7,2,4,69
3,7,2,4,69
3,7,2,4,78
3,7,2,4,78
3,7,2,4,78
3,7,2,4,78
3,7,2,4,78
3,7,2,4,78
3,7,2,4,78
3,7,2,4,78
3,7,2,4,78
3,7,2,4,78
3,7,2,4,78
3,7,2,4,78
3,7,2,4,78
3,7,2,4,78
3,7,2,4,78
3,7,2,4,78
3,7,2,4,78
3,7,2,4,78
3,7,2,4,78
3,7,2,4,78
3,7,2,4,78
3,7,2,4,78
3,7,2,4,78
3,7,2,4,78
3,7,2,4,84
3,7,2,4,84
3,7,2,4,84
3,7,2,4,84
3,7,2,4,84
3,7,2,4,84
3,7,2,4,84
3,7,2,4,84
3,7,2,4,84
3,7,2,4,84
3,7,2,4,84
3,7,2,4,84
3,7,2,4,84
3,7,2,4,84
3,7,2,4,84
3,7,2,4,84
3,7,2,4,84
3,7,2,4,84
3,7,2,4,84
3,7,2,4,84
3,7,2,4,84
3,7,2,4,84
3,7,2,4,84
3,7,2,4,84
3,7,2,4,84
3,7,2,4,84
3,7,2,4,84
3,7,2,4,84
3,7,2,4,84
3,7,2,4,87
3,7,2,4,87
3,7,2,4,87
3,7,2,4,87
3,7,2,4,87
3,7,2,4,125
3,7,2,4,125
3,7,2,4,125
3,7,2,4,125
3,7,2,4,125
3,7,2,4,125
3,7,2,4,125
3,7,2,4,125
3,7,2,4,125
3,7,2,4,125
3,7,2,4,125
3,7,2,4,125
3,7,2,4,125
3,7,2,4,125
3,7,2,4,125
3,7,2,4,125
3,7,2,4,135
3,7,2,4,135
3,7,2,4,135
3,7,2,4,135
3,7,2,4,135
3,7,2,4,135
3,7,2,4,135
3,7,2,4,135
3,7,2,4,135
3,7,2,4,135
3,7,2,4,135
3,7,2,4,135
3,7,2,4,135
3,7,2,4,135
3,7,2,4,135
3,7,2,4,135
3,7,2,4,135
3,7,2,4,135
3,7,2,4,135
3,7,2,4,135
3,7,2,4,135
3,7,2,4,135
3,7,2,4,135
3,7,2,4,135
3,7,2,28,98
3,7,2,28,98
3,7,2,28,98
3,7,2,28,98
3,7,2,28,98
3,7,2,28,98
3,7,2,28,98
3,7,2,22,90
3,7,2,22,90
3,7,2,22,90
3,7,2,22,90
3,7,2,22,90
3,7,2,22,90
3,7,2,9,95
3,7,2,9,95
3,7,2,9,95
3,7,2,9,105
3,7,2,9,105
3,7,2,9,105
3,7,2,9,120
3,7,2,23,142
3,7,2,23,142
3,7,2,23,142
3,7,2,23,142
3,7,2,23,142
3,7,2,23,142
3,7,2,23,142
3,7,2,23,142
3,7,2,23,142
3,7,2,23,142
3,7,2,23,142
3,7,2,23,142
3,7,2,23,142
3,7,2,23,142
3,7,2,23,142
3,7,2,23,142
3,7,2,23,142
3,7,2,12,136
3,1,2,3,51
3,1,2,3,53
3,1,2,3,53
3,1,2,3,53
3,1,2,3,53
3,1,2,3,53
3,1,2,3,53
3,1,2,3,53
3,1,2,3,55
3,1,2,3,55
3,1,2,3,55
3,1,2,3,55
3,1,2,3,55
3,1,2,3,55
3,1,2,3,55
3,1,2,3,55
3,1,2,3,55
3,1,2,3,59
3,1,2,3,59
3,1,2,3,59
3,1,2,3,61
3,1,2,3,61
3,1,2,3,63
3,1,2,3,66
3,1,2,3,66
3,1,2,3,66
3,1,2,3,66
3,1,2,3,66
3,1,2,3,66
3,1,2,3,66
3,1,2,3,66
3,1,2,3,72
3,1,2,3,72
3,1,2,3,72
3,1,2,3,73
3,1,2,3,73
3,1,2,3,80
3,1,2,3,80
3,1,2,3,80
3,1,2,3,80
3,1,2,3,80
3,1,2,3,80
3,1,2,3,80
3,1,2,3,80
3,1,2,3,83
3,1,2,3,83
3,1,2,31,70
3,1,2,31,70
3,1,2,31,70
3,1,2,31,70
3,1,2,31,70
3,1,2,31,70
3,1,2,31,70
3,1,2,31,70
3,1,2,31,70
3,1,2,31,70
3,1,2,4,78
3,1,2,4,84
3,1,2,4,84
3,1,2,4,84
3,1,2,4,84
3,1,2,4,84
3,1,2,4,84
3,1,2,4,84
3,1,2,4,84
3,1,2,4,84
3,1,2,4,84
3,1,2,4,84
3,1,2,4,84
3,1,2,4,84
3,1,2,4,87
3,1,2,4,125
3,1,2,4,135
3,1,2,28,98
3,1,2,22,90
3,1,2,22,90
3,1,2,22,90
3,1,2,22,90
3,1,2,22,90
3,1,2,22,90
3,1,2,22,90
3,1,2,22,90
3,1,2,9,95
3,1,2,9,95
3,1,2,9,120
3,1,2,9,120
3,1,2,23,142
3,1,2,23,142
3,1,2,23,142
3,1,2,23,142
3,1,2,23,142
3,1,2,23,142
3,1,2,23,142
3,4,2,3,51
3,4,2,3,53
3,4,2,3,53
3,4,2,3,53
3,4,2,3,53
3,4,2,3,55
3,4,2,3,55
3,4,2,3,55
3,4,2,3,55
3,4,2,3,55
3,4,2,3,55
3,4,2,3,55
3,4,2,3,55
3,4,2,3,55
3,4,2,3,55
3,4,2,3,55
3,4,2,3,55
3,4,2,3,55
3,4,2,3,55
3,4,2,3,59
3,4,2,3,59
3,4,2,3,59
3,4,2,3,59
3,4,2,3,61
3,4,2,3,61
3,4,2,3,61
3,4,2,3,61
3,4,2,3,63
3,4,2,3,63
3,4,2,3,63
3,4,2,3,63
3,4,2,3,63
3,4,2,3,66
3,4,2,3,66
3,4,2,3,66
3,4,2,3,66
3,4,2,3,66
3,4,2,3,66
3,4,2,3,72
3,4,2,3,72
3,4,2,3,72
3,4,2,3,72
3,4,2,3,72
3,4,2,3,72
3,4,2,3,72
3,4,2,3,73
3,4,2,3,73
3,4,2,3,73
3,4,2,3,73
3,4,2,3,73
3,4,2,3,73
3,4,2,3,73
3,4,2,3,73
3,4,2,3,73
3,4,2,3,73
3,4,2,3,73
3,4,2,3,73
3,4,2,3,80
3,4,2,3,80
3,4,2,3,80
3,4,2,3,80
3,4,2,3,80
3,4,2,3,80
3,4,2,3,80
3,4,2,3,80
3,4,2,3,80
3,4,2,3,80
3,4,2,3,80
3,4,2,3,83
3,4,2,3,132
3,4,2,3,132
3,4,2,3,138
3,4,2,3,138
3,4,2,63,60
3,4,2,63,60
3,4,2,63,60
3,4,2,31,70
3,4,2,31,70
3,4,2,31,70
3,4,2,31,70
3,4,2,31,70
3,4,2,31,70
3,4,2,31,70
3,4,2,31,70
3,4,2,31,70
3,4,2,31,70
3,4,2,31,70
3,4,2,31,70
3,4,2,31,70
3,4,2,4,52
3,4,2,4,52
3,4,2,4,78
3,4,2,4,78
3,4,2,4,84
3,4,2,4,84
3,4,2,4,84
3,4,2,4,84
3,4,2,4,84
3,4,2,4,84
3,4,2,4,84
3,4,2,4,84
3,4,2,4,84
3,4,2,4,84
3,4,2,4,84
3,4,2,4,84
3,4,2,4,84
3,4,2,4,84
3,4,2,4,84
3,4,2,4,84
3,4,2,4,84
3,4,2,4,84
3,4,2,4,84
3,4,2,4,135
3,4,2,22,90
3,4,2,22,90
3,4,2,22,90
3,4,2,22,90
3,4,2,22,90
3,4,2,22,90
3,4,2,22,90
3,4,2,22,90
3,4,2,22,90
3,4,2,22,90
3,4,2,22,90
3,4,2,22,90
3,4,2,22,90
3,4,2,22,90
3,4,2,22,90
3,4,2,22,90
3,4,2,9,95
3,4,2,9,95
3,4,2,9,105
3,4,2,9,105
3,4,2,9,120
3,4,2,9,120
3,4,2,23,142
3,4,2,23,142
3,4,2,23,142
3,4,2,23,142
3,4,2,23,142
3,4,2,23,142
3,4,2,23,142
3,4,2,23,142
3,4,2,23,142
3,4,2,23,142
3,4,2,23,142
3,4,2,23,142
3,4,2,23,142
3,3,2,3,53
3,3,2,3,53
3,3,2,3,53
3,3,2,3,53
3,3,2,3,55
3,3,2,3,55
3,3,2,3,55
3,3,2,3,72
3,3,2,3,72
3,3,2,3,73
3,3,2,3,73
3,3,2,3,73
3,3,2,3,80
3,3,2,3,133
3,3,2,63,60
3,3,2,63,60
3,3,2,4,52
3,3,2,4,84
3,3,2,4,84
3,3,2,4,84
3,3,2,4,84
3,3,2,4,84
3,3,2,4,84
3,3,2,4,84
3,3,2,9,120
3,3,2,9,120
3,3,2,9,120
3,4,2,3,53
3,4,2,3,53
3,4,2,3,53
3,4,2,3,53
3,4,2,3,55
3,4,2,3,55
3,4,2,3,55
3,4,2,3,55
3,4,2,3,55
3,4,2,3,55
3,4,2,3,55
3,4,2,3,55
3,4,2,3,55
3,4,2,3,55
3,4,2,3,55
3,4,2,3,59
3,4,2,3,59
3,4,2,3,59
3,4,2,3,59
3,4,2,3,59
3,4,2,3,59
3,4,2,3,59
3,4,2,3,59
3,4,2,3,61
3,4,2,3,61
3,4,2,3,66
3,4,2,3,66
3,4,2,3,66
3,4,2,3,66
3,4,2,3,72
3,4,2,3,72
3,4,2,3,72
3,4,2,3,72
3,4,2,3,72
3,4,2,3,72
3,4,2,3,72
3,4,2,3,72
3,4,2,3,72
3,4,2,3,72
3,4,2,3,73
3,4,2,3,73
3,4,2,3,73
3,4,2,3,73
3,4,2,3,73
3,4,2,3,73
3,4,2,3,73
3,4,2,3,73
3,4,2,3,80
3,4,2,3,80
3,4,2,3,80
3,4,2,3,80
3,4,2,3,80
3,4,2,3,80
3,4,2,3,83
3,4,2,63,60
3,4,2,63,60
3,4,2,63,60
3,4,2,63,60
3,4,2,63,60
3,4,2,63,60
3,4,2,63,60
3,4,2,63,60
3,4,2,63,60
3,4,2,63,60
3,4,2,63,60
3,4,2,63,60
3,4,2,31,70
3,4,2,31,70
3,4,2,31,70
3,4,2,31,70
3,4,2,31,70
3,4,2,31,70
3,4,2,31,70
3,4,2,31,70
3,4,2,31,70
3,4,2,31,70
3,4,2,31,70
3,4,2,31,70
3,4,2,31,70
3,4,2,31,70
3,4,2,31,70
3,4,2,31,70
3,4,2,31,70
3,4,2,31,70
3,4,2,31,70
3,4,2,31,70
3,4,2,31,70
3,4,2,31,70
3,4,2,31,70
3,4,2,31,70
3,4,2,31,70
3,4,2,4,52
3,4,2,4,52
3,4,2,4,52
3,4,2,4,52
3,4,2,4,52
3,4,2,4,52
3,4,2,4,52
3,4,2,4,52
3,4,2,4,84
3,4,2,4,84
3,4,2,4,84
3,4,2,4,84
3,4,2,4,84
3,4,2,4,84
3,4,2,4,84
3,4,2,4,84
3,4,2,4,84
3,4,2,4,84
3,4,2,4,84
3,4,2,4,84
3,4,2,4,84
3,4,2,4,84
3,4,2,4,84
3,4,2,4,84
3,4,2,4,84
3,4,2,4,84
3,4,2,4,84
3,4,2,4,84
3,4,2,4,84
3,4,2,4,135
3,4,2,4,135
3,4,2,4,135
3,4,2,28,98
3,4,2,22,90
3,4,2,9,95
3,4,2,9,105
3,4,2,9,120
3,4,2,9,120
3,4,2,9,120
3,4,2,23,142
3,4,2,23,142
4,6,3,10,76
4,6,7,4,82
4,6,7,4,82
4,6,7,4,82
4,6,7,4,82
4,6,7,4,82
4,6,7,4,82
4,6,7,4,82
4,6,7,4,82
4,6,7,9,92
4,6,7,9,92
4,6,7,9,92
4,6,7,9,92
4,6,7,9,92
4,6,7,9,92
4,6,7,9,92
4,6,7,9,92
4,2,5,10,64
4,2,7,4,82
4,2,7,4,82
4,2,7,4,82
4,2,7,9,92
4,2,7,9,92
4,2,7,9,92
4,7,3,10,76
4,7,3,10,76
4,7,3,10,76
4,7,7,4,82
4,7,7,4,82
4,7,7,4,82
4,7,7,4,82
4,7,7,9,92
4,7,7,9,92
4,7,7,9,92
4,1,5,10,64
4,1,5,10,64
4,1,5,10,64
4,1,5,10,64
4,1,3,10,76
4,1,7,4,82
4,1,7,4,82
4,1,7,4,82
4,1,7,9,92
4,1,7,9,92
4,1,7,9,92
4,1,7,9,92
4,4,5,10,64
4,4,3,10,76
4,4,7,4,82
4,4,7,4,82
4,4,7,4,82
4,4,7,4,82
4,4,7,4,82
4,4,7,4,82
4,4,7,4,82
4,4,7,4,82
4,4,7,4,82
4,4,7,4,82
4,4,7,9,92
4,4,7,9,92
4,4,7,9,92
4,4,7,9,92
4,4,7,9,92
4,4,7,9,92
4,3,3,10,76
4,3,3,10,76
4,3,7,4,82
4,3,7,4,82
4,3,7,9,92
4,3,7,9,92
4,3,7,9,92
4,4,5,10,64
4,4,7,4,82
4,4,7,4,82
4,4,7,4,82
4,4,7,4,82
4,4,7,4,82
4,4,7,4,82
4,4,7,4,82
4,4,7,4,82
4,4,7,4,82
4,4,7,4,82
4,4,7,4,82
4,4,7,4,82
4,4,7,4,82
4,4,7,4,82
4,4,7,9,92
4,4,7,9,92
4,4,7,9,92
4,4,7,9,92
4,4,7,9,92
1,6,8,11,81
1,6,8,11,81
1,6,8,11,81
1,6,8,11,81
1,6,8,11,81
1,6,8,11,81
1,6,8,11,81
1,6,8,11,81
1,6,8,9,104
1,6,8,9,104
1,6,8,9,104
1,6,8,9,104
1,6,8,9,104
1,2,8,11,81
1,2,8,11,81
1,7,8,11,81
1,7,8,11,81
1,7,8,11,81
1,7,8,11,81
1,7,8,9,104
1,1,8,11,81
1,1,8,9,104
1,4,8,11,81
1,4,8,11,81
1,4,8,9,104
1,4,8,9,104
1,3,8,11,81
1,3,8,11,81
1,3,8,11,81
1,3,8,11,81
1,3,8,11,81
1,3,8,11,81
1,3,8,11,81
1,3,8,11,81
1,3,8,9,104
1,4,8,11,81
1,4,8,11,81
1,4,8,11,81
1,4,8,11,81
1,4,8,11,81
1,4,8,11,81
1,4,8,9,104
5,6,3,20,56
5,6,3,9,97
5,6,3,9,107
5,6,3,9,107
5,6,3,9,107
5,7,3,20,56
5,7,3,9,107
5,7,3,9,107
5,3,3,9,107
5,4,3,9,97
5,4,3,9,97
5,4,3,9,107
5,4,3,9,107
5,4,3,9,107
10,6,5,2,130
10,6,5,2,130
10,6,5,2,130
10,6,5,2,130
10,6,8,2,140
10,6,8,2,140
10,6,8,2,140
10,6,8,2,140
10,6,8,2,140
10,6,8,2,140
10,6,8,2,140
10,6,8,2,140
10,6,8,2,140
10,6,8,2,140
10,6,8,2,140
10,6,8,2,140
10,6,8,2,140
10,6,8,2,140
10,6,8,2,140
10,6,8,2,140
10,6,8,2,140
10,6,8,2,140
10,6,8,2,140
10,6,8,2,140
10,6,8,2,140
10,6,8,2,140
10,6,8,2,140
10,6,8,2,140
10,6,8,2,140
10,6,8,2,140
10,6,8,2,140
10,6,2,2,54
10,6,2,2,54
10,6,2,2,54
10,6,2,2,54
10,6,2,2,141
10,6,2,2,141
10,6,2,2,141
10,6,2,2,141
10,6,2,2,141
10,6,2,2,141
10,6,2,2,141
10,6,2,2,141
10,6,2,2,141
10,6,2,2,141
10,2,5,2,130
10,2,5,2,130
10,2,5,2,130
10,2,5,2,130
10,2,5,2,130
10,2,5,2,130
10,2,5,2,130
10,2,5,2,130
10,2,8,2,140
10,2,8,2,140
10,2,8,2,140
10,2,8,2,140
10,2,8,2,140
10,2,8,2,140
10,2,8,2,140
10,2,8,2,140
10,2,8,2,140
10,2,8,2,140
10,2,8,2,140
10,2,8,2,140
10,2,8,2,140
10,2,8,2,140
10,2,2,2,54
10,2,2,2,54
10,2,2,2,141
10,2,2,2,141
10,7,5,2,130
10,7,5,2,130
10,7,5,2,130
10,7,5,2,130
10,7,8,2,140
10,7,8,2,140
10,7,8,2,140
10,7,8,2,140
10,7,8,2,140
10,7,8,2,140
10,7,8,2,140
10,7,8,2,140
10,7,8,2,140
10,7,8,2,140
10,7,8,2,140
10,7,8,2,140
10,7,8,2,140
10,7,8,2,140
10,7,8,2,140
10,7,8,2,140
10,7,8,2,140
10,7,8,2,140
10,7,8,2,140
10,7,8,2,140
10,7,8,2,140
10,7,8,2,140
10,7,8,2,140
10,7,8,2,140
10,7,8,2,140
10,7,8,2,140
10,7,8,2,140
10,7,2,2,54
10,7,2,2,54
10,7,2,2,54
10,7,2,2,54
10,7,2,2,54
10,7,2,2,54
10,7,2,2,54
10,7,2,2,54
10,7,2,2,54
10,7,2,2,54
10,7,2,2,54
10,7,2,2,54
10,7,2,2,54
10,7,2,2,54
10,7,2,2,54
10,7,2,2,54
10,7,2,2,54
10,7,2,2,54
10,7,2,2,54
10,7,2,2,54
10,7,2,2,54
10,7,2,2,54
10,7,2,2,54
10,7,2,2,54
10,7,2,2,54
10,7,2,2,54
10,7,2,2,54
10,7,2,2,54
10,7,2,2,54
10,7,2,2,54
10,7,2,2,54
10,7,2,2,54
10,7,2,2,54
10,7,2,2,54
10,7,2,2,54
10,7,2,2,54
10,7,2,2,54
10,7,2,2,54
10,7,2,2,54
10,7,2,2,54
10,7,2,2,54
10,7,2,2,54
10,7,2,2,54
10,7,2,2,54
10,7,2,2,54
10,7,2,2,54
10,7,2,2,54
10,7,2,2,54
10,7,2,2,54
10,7,2,2,54
10,7,2,2,54
10,7,2,2,54
10,7,2,2,54
10,7,2,2,54
10,7,2,2,54
10,7,2,2,54
10,7,2,2,54
10,7,2,2,54
10,7,2,2,54
10,7,2,2,141
10,7,2,2,141
10,7,2,2,141
10,7,2,2,141
10,7,2,2,141
10,1,5,2,130
10,1,5,2,130
10,1,5,2,130
10,1,5,2,130
10,1,5,2,130
10,1,5,2,130
10,1,5,2,130
10,1,5,2,130
10,1,5,2,130
10,1,5,2,130
10,1,5,2,130
10,1,5,2,130
10,1,5,2,130
10,1,5,2,130
10,1,5,2,130
10,1,5,2,130
10,1,5,2,130
10,1,5,2,130
10,1,5,2,130
10,1,8,2,140
10,1,8,2,140
10,1,8,2,140
10,1,8,2,140
10,1,8,2,140
10,1,8,2,140
10,1,8,2,140
10,1,8,2,140
10,1,8,2,140
10,1,8,2,140
10,1,8,2,140
10,1,8,2,140
10,1,8,2,140
10,1,2,2,54
10,1,2,2,54
10,1,2,2,54
10,1,2,2,54
10,1,2,2,54
10,1,2,2,54
10,1,2,2,54
10,1,2,2,54
10,1,2,2,54
10,1,2,2,54
10,1,2,2,54
10,1,2,2,54
10,1,2,2,54
10,1,2,2,54
10,1,2,2,54
10,1,2,2,54
10,1,2,2,54
10,1,2,2,54
10,1,2,2,54
10,1,2,2,54
10,1,2,2,54
10,1,2,2,54
10,1,2,2,54
10,1,2,2,54
10,1,2,2,54
10,1,2,2,54
10,1,2,2,54
10,1,2,2,54
10,1,2,2,54
10,1,2,2,54
10,1,2,2,54
10,1,2,2,141
10,1,2,2,141
10,1,2,2,141
10,1,2,2,141
10,1,2,2,141
10,1,2,2,141
10,1,2,2,141
10,1,2,2,141
10,1,2,2,141
10,1,2,2,141
10,1,2,2,141
10,4,5,2,130
10,4,5,2,130
10,4,5,2,130
10,4,5,2,130
10,4,5,2,130
10,4,5,2,130
10,4,5,2,130
10,4,5,2,130
10,4,5,2,130
10,4,5,2,130
10,4,5,2,130
10,4,5,2,130
10,4,5,2,130
10,4,5,2,130
10,4,5,2,130
10,4,5,2,130
10,4,8,2,140
10,4,8,2,140
10,4,8,2,140
10,4,8,2,140
10,4,8,2,140
10,4,8,2,140
10,4,8,2,140
10,4,8,2,140
10,4,8,2,140
10,4,8,2,140
10,4,8,2,140
10,4,8,2,140
10,4,8,2,140
10,4,8,2,140
10,4,8,2,140
10,4,8,2,140
10,4,8,2,140
10,4,8,2,140
10,4,8,2,140
10,4,2,2,54
10,4,2,2,54
10,4,2,2,141
10,4,2,2,141
10,4,2,2,141
10,4,2,2,141
10,4,2,2,141
10,4,2,2,141
10,4,2,2,141
10,4,2,2,141
10,4,2,2,141
10,4,2,2,141
10,4,2,2,141
10,4,2,2,141
10,4,2,2,141
10,4,2,2,141
10,4,2,2,141
10,4,2,2,141
10,3,5,2,130
10,3,5,2,130
10,3,5,2,130
10,3,5,2,130
10,3,5,2,130
10,3,5,2,130
10,3,5,2,130
10,3,5,2,130
10,3,5,2,130
10,3,5,2,130
10,3,5,2,130
10,3,5,2,130
10,3,8,2,140
10,3,8,2,140
10,3,8,2,140
10,3,8,2,140
10,3,8,2,140
10,3,8,2,140
10,3,8,2,140
10,3,8,2,140
10,3,8,2,140
10,3,8,2,140
10,3,8,2,140
10,3,8,2,140
10,3,8,2,140
10,4,5,2,130
10,4,5,2,130
10,4,5,2,130
10,4,5,2,130
10,4,5,2,130
10,4,5,2,130
10,4,5,2,130
10,4,5,2,130
10,4,5,2,130
10,4,5,2,130
10,4,5,2,130
10,4,8,2,140
10,4,8,2,140
10,4,8,2,140
10,4,8,2,140
10,4,8,2,140
10,4,8,2,140
10,4,8,2,140
10,4,8,2,140
10,4,8,2,140
10,4,8,2,140
10,4,8,2,140
10,4,8,2,140
10,4,8,2,140
10,4,8,2,140
10,4,8,2,140
10,4,8,2,140
10,4,8,2,140
10,4,8,2,140
10,4,8,2,140
10,4,8,2,140
10,4,2,2,54
10,4,2,2,54
10,4,2,2,54
10,4,2,2,54
10,4,2,2,141
10,4,2,2,141
2,6,5,3,67
2,6,5,3,67
2,6,5,3,67
2,6,5,3,67
2,6,5,3,67
2,6,5,3,67
2,6,5,3,67
2,6,5,3,67
2,6,5,3,67
2,6,5,3,67
2,6,5,3,67
2,6,5,3,67
2,6,5,3,67
2,6,5,3,67
2,6,5,3,67
2,6,5,3,67
2,6,5,3,79
2,6,5,3,79
2,6,5,3,79
2,6,5,3,79
2,6,5,3,79
2,6,5,15,96
2,6,5,15,96
2,6,5,15,96
2,6,5,15,96
2,6,5,15,96
2,6,5,15,96
2,6,5,15,96
2,6,5,9,101
2,6,5,9,101
2,6,5,9,101
2,6,5,9,101
2,6,5,9,101
2,6,5,9,101
2,6,5,9,101
2,6,5,9,101
2,6,5,9,101
2,6,5,9,101
2,6,5,9,101
2,6,5,9,101
2,6,5,43,57
2,6,5,43,57
2,6,5,43,57
2,6,5,43,57
2,6,5,43,57
2,6,5,43,57
2,6,5,43,57
2,6,5,43,57
2,6,5,43,57
2,6,5,43,57
2,6,5,43,57
2,6,5,43,57
2,6,5,43,57
2,6,5,43,57
2,6,5,43,57
2,6,5,43,57
2,6,5,43,57
2,6,5,43,57
2,6,5,43,57
2,6,5,43,57
2,6,5,43,57
2,6,5,43,57
2,6,5,43,57
2,6,5,43,58
2,6,5,43,58
2,6,5,43,58
2,6,5,43,58
2,6,5,43,58
2,6,5,43,58
2,6,5,43,58
2,6,5,43,58
2,6,5,43,58
2,6,5,43,58
2,6,5,43,58
2,6,5,43,58
2,6,5,43,58
2,6,5,43,58
2,6,5,43,58
2,6,5,43,58
2,6,5,43,58
2,6,5,65,93
2,6,5,65,93
2,6,5,65,93
2,6,5,65,93
2,6,5,65,93
2,6,5,65,93
2,6,5,65,93
2,6,5,65,93
2,6,5,65,93
2,6,5,65,93
2,6,5,65,93
2,6,5,65,93
2,6,5,65,93
2,6,5,65,93
2,6,5,65,93
2,6,5,65,93
2,6,5,65,93
2,6,5,67,88
2,6,5,67,88
2,6,5,67,88
2,6,5,67,88
2,6,5,67,88
2,6,5,67,88
2,6,5,67,88
2,6,5,67,88
2,6,5,67,88
2,6,5,67,88
2,6,5,67,88
2,6,5,67,88
2,6,5,67,88
2,6,5,67,88
2,6,5,67,88
2,6,5,67,88
2,6,5,67,88
2,6,5,67,88
2,6,5,66,68
2,6,5,66,68
2,6,5,66,68
2,6,5,66,68
2,6,5,66,68
2,6,5,66,68
2,6,5,66,68
2,6,5,66,68
2,6,5,66,68
2,6,5,66,68
2,6,5,66,68
2,6,5,66,68
2,6,5,66,68
2,6,5,66,68
2,6,5,66,68
2,6,5,66,68
2,6,5,66,68
2,6,5,66,68
2,6,5,66,68
2,6,5,66,68
2,6,5,66,68
2,6,5,66,68
2,6,5,66,68
2,6,5,66,68
2,6,5,66,68
2,6,5,66,68
2,6,5,66,68
2,6,5,66,68
2,6,5,66,68
2,6,5,13,100
2,6,5,13,100
2,6,5,13,100
2,6,5,13,100
2,6,5,13,100
2,6,5,13,100
2,6,5,13,100
2,6,5,13,100
2,6,5,13,100
2,6,5,4,62
2,6,5,4,71
2,6,5,4,71
2,6,5,4,71
2,6,5,4,71
2,6,5,4,75
2,6,5,4,75
2,6,5,4,75
2,6,5,4,75
2,6,5,4,75
2,6,5,4,75
2,6,5,4,75
2,6,5,4,86
2,6,5,4,86
2,6,5,4,146
2,6,5,4,146
2,6,5,46,139
2,6,5,46,139
2,6,5,46,139
2,6,5,46,139
2,6,5,46,139
2,6,5,46,139
2,6,5,46,139
2,6,5,46,139
2,6,5,46,139
2,6,5,9,108
2,6,2,42,137
2,6,2,42,137
2,6,2,42,137
2,6,2,42,137
2,6,2,42,137
2,6,2,42,137
2,6,2,42,137
2,6,2,42,137
2,6,2,42,137
2,6,2,42,137
2,6,2,42,137
2,6,2,42,137
2,6,2,42,137
2,6,2,42,137
2,6,2,42,137
2,6,2,42,137
2,6,2,42,137
2,6,2,25,91
2,6,2,25,91
2,6,2,25,91
2,6,2,25,91
2,6,2,25,91
2,6,2,25,91
2,6,2,25,91
2,6,2,25,91
2,6,2,25,91
2,6,2,25,91
2,6,2,25,91
2,6,2,25,91
2,6,2,25,91
2,6,2,25,91
2,6,2,25,91
2,6,2,25,91
2,6,2,25,91
2,6,2,25,91
2,6,2,25,91
2,6,2,25,91
2,6,2,25,91
2,6,2,25,91
2,6,2,25,91
2,6,2,25,91
2,6,2,25,91
2,6,2,25,91
2,6,2,25,91
2,6,2,25,91
2,6,2,25,91
2,6,2,25,91
2,6,2,25,91
2,6,2,25,91
2,6,2,25,126
2,6,2,25,126
2,2,5,3,67
2,2,5,3,67
2,2,5,3,67
2,2,5,3,67
2,2,5,3,67
2,2,5,3,67
2,2,5,3,67
2,2,5,3,67
2,2,5,3,67
2,2,5,15,96
2,2,5,15,96
2,2,5,15,96
2,2,5,15,96
2,2,5,15,96
2,2,5,9,101
2,2,5,9,101
2,2,5,9,101
2,2,5,9,101
2,2,5,9,101
2,2,5,9,101
2,2,5,9,101
2,2,5,9,101
2,2,5,43,57
2,2,5,43,57
2,2,5,43,57
2,2,5,43,57
2,2,5,43,57
2,2,5,43,57
2,2,5,43,57
2,2,5,43,57
2,2,5,43,57
2,2,5,43,58
2,2,5,43,58
2,2,5,43,58
2,2,5,43,58
2,2,5,43,58
2,2,5,43,58
2,2,5,43,58
2,2,5,43,58
2,2,5,43,58
2,2,5,43,58
2,2,5,43,58
2,2,5,43,58
2,2,5,65,93
2,2,5,65,93
2,2,5,65,93
2,2,5,65,93
2,2,5,65,93
2,2,5,65,93
2,2,5,65,93
2,2,5,65,93
2,2,5,67,88
2,2,5,67,88
2,2,5,67,88
2,2,5,67,88
2,2,5,67,88
2,2,5,67,88
2,2,5,67,88
2,2,5,67,88
2,2,5,67,88
2,2,5,67,88
2,2,5,67,88
2,2,5,66,68
2,2,5,66,68
2,2,5,66,68
2,2,5,66,68
2,2,5,66,68
2,2,5,66,68
2,2,5,66,68
2,2,5,66,68
2,2,5,66,68
2,2,5,66,68
2,2,5,66,68
2,2,5,66,68
2,2,5,66,68
2,2,5,66,68
2,2,5,66,68
2,2,5,66,68
2,2,5,66,68
2,2,5,66,68
2,2,5,66,68
2,2,5,66,68
2,2,5,13,100
2,2,5,13,100
2,2,5,13,100
2,2,5,13,100
2,2,5,13,100
2,2,5,13,100
2,2,5,13,100
2,2,5,13,100
2,2,5,4,62
2,2,5,4,71
2,2,5,4,75
2,2,5,4,75
2,2,5,4,75
2,2,5,4,75
2,2,5,4,75
2,2,5,4,75
2,2,5,4,75
2,2,5,4,75
2,2,5,46,139
2,2,5,46,139
2,2,5,46,139
2,2,5,46,139
2,2,5,46,139
2,2,2,42,137
2,2,2,42,137
2,2,2,42,137
2,2,2,42,137
2,2,2,42,137
2,2,2,25,91
2,2,2,25,91
2,2,2,25,91
2,2,2,25,91
2,2,2,25,91
2,2,2,25,91
2,2,2,25,91
2,2,2,25,91
2,2,2,25,91
2,7,5,3,67
2,7,5,3,67
2,7,5,3,67
2,7,5,3,67
2,7,5,3,67
2,7,5,3,67
2,7,5,3,67
2,7,5,3,67
2,7,5,3,67
2,7,5,3,67
2,7,5,3,67
2,7,5,3,67
2,7,5,3,67
2,7,5,3,67
2,7,5,3,79
2,7,5,3,79
2,7,5,3,79
2,7,5,15,96
2,7,5,15,96
2,7,5,15,96
2,7,5,15,96
2,7,5,15,96
2,7,5,15,96
2,7,5,9,101
2,7,5,9,101
2,7,5,9,101
2,7,5,9,101
2,7,5,9,101
2,7,5,9,101
2,7,5,9,101
2,7,5,43,57
2,7,5,43,57
2,7,5,43,57
2,7,5,43,57
2,7,5,43,57
2,7,5,43,57
2,7,5,43,57
2,7,5,43,57
2,7,5,43,57
2,7,5,43,57
2,7,5,43,57
2,7,5,43,57
2,7,5,43,57
2,7,5,43,57
2,7,5,43,57
2,7,5,43,57
2,7,5,43,57
2,7,5,43,57
2,7,5,43,57
2,7,5,43,57
2,7,5,43,57
2,7,5,43,58
2,7,5,43,58
2,7,5,43,58
2,7,5,43,58
2,7,5,43,58
2,7,5,43,58
2,7,5,43,58
2,7,5,43,58
2,7,5,43,58
2,7,5,43,58
2,7,5,43,58
2,7,5,43,58
2,7,5,43,58
2,7,5,43,58
2,7,5,43,58
2,7,5,65,93
2,7,5,65,93
2,7,5,65,93
2,7,5,65,93
2,7,5,65,93
2,7,5,65,93
2,7,5,65,93
2,7,5,65,93
2,7,5,65,93
2,7,5,65,93
2,7,5,65,93
2,7,5,65,93
2,7,5,65,93
2,7,5,65,93
2,7,5,65,93
2,7,5,65,93
2,7,5,65,93
2,7,5,65,93
2,7,5,65,93
2,7,5,65,93
2,7,5,65,93
2,7,5,65,93
2,7,5,65,93
2,7,5,65,93
2,7,5,65,93
2,7,5,65,93
2,7,5,65,93
2,7,5,65,93
2,7,5,65,93
2,7,5,65,93
2,7,5,65,93
2,7,5,65,93
2,7,5,65,93
2,7,5,65,93
2,7,5,65,93
2,7,5,67,88
2,7,5,67,88
2,7,5,67,88
2,7,5,67,88
2,7,5,67,88
2,7,5,67,88
2,7,5,67,88
2,7,5,66,68
2,7,5,66,68
2,7,5,66,68
2,7,5,66,68
2,7,5,66,68
2,7,5,66,68
2,7,5,66,68
2,7,5,66,68
2,7,5,66,68
2,7,5,66,68
2,7,5,66,68
2,7,5,66,68
2,7,5,66,68
2,7,5,66,68
2,7,5,66,68
2,7,5,66,68
2,7,5,66,68
2,7,5,66,68
2,7,5,66,68
2,7,5,66,68
2,7,5,66,68
2,7,5,13,100
2,7,5,13,100
2,7,5,13,100
2,7,5,13,100
2,7,5,13,100
2,7,5,13,100
2,7,5,13,100
2,7,5,13,100
2,7,5,13,100
2,7,5,13,100
2,7,5,13,100
2,7,5,13,100
2,7,5,4,62
2,7,5,4,62
2,7,5,4,62
2,7,5,4,62
2,7,5,4,71
2,7,5,4,75
2,7,5,4,75
2,7,5,4,75
2,7,5,4,75
2,7,5,4,75
2,7,5,4,75
2,7,5,4,86
2,7,5,4,146
2,7,5,4,146
2,7,5,4,146
2,7,5,46,139
2,7,5,46,139
2,7,5,46,139
2,7,5,46,139
2,7,5,46,139
2,7,5,46,139
2,7,5,46,139
2,7,5,46,139
2,7,5,46,139
2,7,5,46,139
2,7,5,46,139
2,7,5,46,139
2,7,5,9,108
2,7,2,42,137
2,7,2,42,137
2,7,2,42,137
2,7,2,42,137
2,7,2,42,137
2,7,2,42,137
2,7,2,42,137
2,7,2,42,137
2,7,2,42,137
2,7,2,42,137
2,7,2,42,137
2,7,2,42,137
2,7,2,42,137
2,7,2,42,137
2,7,2,42,137
2,7,2,42,137
2,7,2,42,137
2,7,2,42,137
2,7,2,42,137
2,7,2,42,137
2,7,2,42,137
2,7,2,42,137
2,7,2,42,137
2,7,2,42,137
2,7,2,42,137
2,7,2,42,137
2,7,2,42,137
2,7,2,42,137
2,7,2,42,137
2,7,2,42,137
2,7,2,42,137
2,7,2,42,137
2,7,2,42,137
2,7,2,42,137
2,7,2,42,137
2,7,2,42,137
2,7,2,42,137
2,7,2,42,137
2,7,2,42,137
2,7,2,42,137
2,7,2,42,137
2,7,2,42,137
2,7,2,42,137
2,7,2,42,137
2,7,2,42,137
2,7,2,25,91
2,7,2,25,91
2,7,2,25,91
2,7,2,25,91
2,7,2,25,91
2,7,2,25,91
2,7,2,25,91
2,7,2,25,91
2,7,2,25,91
2,7,2,25,91
2,7,2,25,91
2,7,2,25,91
2,7,2,25,91
2,7,2,25,91
2,7,2,25,91
2,7,2,25,91
2,7,2,25,91
2,7,2,25,91
2,7,2,25,91
2,7,2,25,91
2,7,2,25,91
2,7,2,25,91
2,7,2,25,91
2,7,2,25,91
2,7,2,25,91
2,7,2,25,91
2,7,2,25,91
2,7,2,25,91
2,7,2,25,91
2,7,2,25,91
2,7,2,25,91
2,7,2,25,91
2,7,2,25,91
2,7,2,25,91
2,7,2,25,91
2,7,2,25,91
2,7,2,25,91
2,7,2,25,91
2,7,2,25,91
2,7,2,25,126
2,7,2,25,126
2,7,2,25,126
2,7,2,25,144
2,7,2,25,144
2,1,5,3,67
2,1,5,3,67
2,1,5,3,67
2,1,5,3,67
2,1,5,3,67
2,1,5,3,67
2,1,5,3,67
2,1,5,3,67
2,1,5,3,67
2,1,5,3,79
2,1,5,3,79
2,1,5,15,96
2,1,5,15,96
2,1,5,15,96
2,1,5,15,96
2,1,5,15,96
2,1,5,15,96
2,1,5,9,101
2,1,5,9,101
2,1,5,9,101
2,1,5,9,101
2,1,5,9,101
2,1,5,43,57
2,1,5,43,57
2,1,5,43,57
2,1,5,43,57
2,1,5,43,57
2,1,5,43,57
2,1,5,43,57
2,1,5,43,57
2,1,5,43,57
2,1,5,43,57
2,1,5,43,57
2,1,5,43,57
2,1,5,43,57
2,1,5,43,57
2,1,5,43,58
2,1,5,43,58
2,1,5,43,58
2,1,5,43,58
2,1,5,43,58
2,1,5,43,58
2,1,5,43,58
2,1,5,43,58
2,1,5,43,58
2,1,5,43,58
2,1,5,43,58
2,1,5,65,93
2,1,5,65,93
2,1,5,65,93
2,1,5,65,93
2,1,5,65,93
2,1,5,65,93
2,1,5,67,88
2,1,5,67,88
2,1,5,67,88
2,1,5,67,88
2,1,5,67,88
2,1,5,67,88
2,1,5,67,88
2,1,5,67,88
2,1,5,67,88
2,1,5,67,88
2,1,5,67,88
2,1,5,67,88
2,1,5,67,88
2,1,5,67,88
2,1,5,67,88
2,1,5,67,88
2,1,5,67,88
2,1,5,67,88
2,1,5,67,88
2,1,5,67,88
2,1,5,67,88
2,1,5,67,88
2,1,5,67,88
2,1,5,67,88
2,1,5,67,88
2,1,5,66,68
2,1,5,66,68
2,1,5,66,68
2,1,5,66,68
2,1,5,66,68
2,1,5,66,68
2,1,5,66,68
2,1,5,66,68
2,1,5,66,68
2,1,5,66,68
2,1,5,66,68
2,1,5,66,68
2,1,5,66,68
2,1,5,66,68
2,1,5,66,68
2,1,5,66,68
2,1,5,66,68
2,1,5,66,68
2,1,5,66,68
2,1,5,66,68
2,1,5,66,68
2,1,5,66,68
2,1,5,13,100
2,1,5,13,100
2,1,5,13,100
2,1,5,13,100
2,1,5,13,100
2,1,5,13,100
2,1,5,13,100
2,1,5,13,100
2,1,5,13,100
2,1,5,13,100
2,1,5,13,100
2,1,5,13,100
2,1,5,4,62
2,1,5,4,62
2,1,5,4,62
2,1,5,4,62
2,1,5,4,71
2,1,5,4,71
2,1,5,4,71
2,1,5,4,75
2,1,5,4,75
2,1,5,4,75
2,1,5,4,75
2,1,5,4,75
2,1,5,4,75
2,1,5,4,75
2,1,5,4,75
2,1,5,4,86
2,1,5,4,146
2,1,5,46,139
2,1,5,46,139
2,1,5,46,139
2,1,5,46,139
2,1,5,46,139
2,1,5,46,139
2,1,5,46,139
2,1,5,46,139
2,1,5,46,139
2,1,2,42,137
2,1,2,42,137
2,1,2,42,137
2,1,2,42,137
2,1,2,42,137
2,1,2,42,137
2,1,2,42,137
2,1,2,42,137
2,1,2,42,137
2,1,2,42,137
2,1,2,42,137
2,1,2,42,137
2,1,2,42,137
2,1,2,42,137
2,1,2,42,137
2,1,2,42,137
2,1,2,25,91
2,1,2,25,91
2,1,2,25,91
2,1,2,25,91
2,1,2,25,91
2,1,2,25,91
2,1,2,25,91
2,1,2,25,91
2,1,2,25,91
2,1,2,25,91
2,1,2,25,91
2,1,2,25,91
2,1,2,25,91
2,1,2,25,91
2,1,2,25,91
2,1,2,25,91
2,1,2,25,91
2,1,2,25,91
2,1,2,25,91
2,1,2,25,91
2,1,2,25,91
2,1,2,25,91
2,1,2,25,91
2,1,2,25,91
2,1,2,25,91
2,1,2,25,126
2,1,2,25,126
2,1,2,25,144
2,1,2,25,144
2,4,5,3,67
2,4,5,3,67
2,4,5,3,67
2,4,5,3,67
2,4,5,3,67
2,4,5,3,67
2,4,5,3,67
2,4,5,3,67
2,4,5,3,67
2,4,5,3,67
2,4,5,3,67
2,4,5,3,67
2,4,5,3,67
2,4,5,3,67
2,4,5,3,67
2,4,5,3,67
2,4,5,3,67
2,4,5,3,67
2,4,5,3,67
2,4,5,3,79
2,4,5,3,79
2,4,5,3,79
2,4,5,3,79
2,4,5,3,79
2,4,5,3,79
2,4,5,3,79
2,4,5,3,79
2,4,5,15,96
2,4,5,15,96
2,4,5,9,101
2,4,5,9,101
2,4,5,9,101
2,4,5,9,101
2,4,5,9,101
2,4,5,9,101
2,4,5,9,101
2,4,5,43,57
2,4,5,43,57
2,4,5,43,57
2,4,5,43,57
2,4,5,43,57
2,4,5,43,57
2,4,5,43,57
2,4,5,43,57
2,4,5,43,57
2,4,5,43,57
2,4,5,43,57
2,4,5,43,57
2,4,5,43,57
2,4,5,43,57
2,4,5,43,57
2,4,5,43,57
2,4,5,43,57
2,4,5,43,57
2,4,5,43,57
2,4,5,43,57
2,4,5,43,57
2,4,5,43,57
2,4,5,43,57
2,4,5,43,57
2,4,5,43,57
2,4,5,43,57
2,4,5,43,58
2,4,5,43,58
2,4,5,43,58
2,4,5,43,58
2,4,5,43,58
2,4,5,43,58
2,4,5,43,58
2,4,5,43,58
2,4,5,43,58
2,4,5,43,58
2,4,5,43,58
2,4,5,43,58
2,4,5,43,58
2,4,5,43,58
2,4,5,43,58
2,4,5,43,58
2,4,5,43,58
2,4,5,43,58
2,4,5,43,58
2,4,5,65,93
2,4,5,65,93
2,4,5,65,93
2,4,5,65,93
2,4,5,65,93
2,4,5,65,93
2,4,5,65,93
2,4,5,65,93
2,4,5,65,93
2,4,5,65,93
2,4,5,65,93
2,4,5,67,88
2,4,5,67,88
2,4,5,67,88
2,4,5,67,88
2,4,5,67,88
2,4,5,67,88
2,4,5,67,88
2,4,5,67,88
2,4,5,67,88
2,4,5,67,88
2,4,5,67,88
2,4,5,67,88
2,4,5,67,88
2,4,5,67,88
2,4,5,67,88
2,4,5,67,88
2,4,5,67,88
2,4,5,67,88
2,4,5,67,88
2,4,5,67,88
2,4,5,67,88
2,4,5,67,88
2,4,5,66,68
2,4,5,66,68
2,4,5,66,68
2,4,5,66,68
2,4,5,66,68
2,4,5,66,68
2,4,5,66,68
2,4,5,66,68
2,4,5,66,68
2,4,5,66,68
2,4,5,66,68
2,4,5,66,68
2,4,5,66,68
2,4,5,66,68
2,4,5,66,68
2,4,5,66,68
2,4,5,66,68
2,4,5,66,68
2,4,5,66,68
2,4,5,66,68
2,4,5,66,68
2,4,5,66,68
2,4,5,66,68
2,4,5,66,68
2,4,5,66,68
2,4,5,66,68
2,4,5,66,68
2,4,5,66,68
2,4,5,66,68
2,4,5,66,68
2,4,5,66,68
2,4,5,13,100
2,4,5,13,100
2,4,5,13,100
2,4,5,13,100
2,4,5,13,100
2,4,5,13,100
2,4,5,13,100
2,4,5,13,100
2,4,5,13,100
2,4,5,13,100
2,4,5,13,100
2,4,5,4,62
2,4,5,4,62
2,4,5,4,62
2,4,5,4,62
2,4,5,4,62
2,4,5,4,62
2,4,5,4,62
2,4,5,4,71
2,4,5,4,71
2,4,5,4,75
2,4,5,4,75
2,4,5,4,75
2,4,5,4,75
2,4,5,4,75
2,4,5,4,75
2,4,5,4,75
2,4,5,4,75
2,4,5,4,86
2,4,5,4,146
2,4,5,4,146
2,4,5,4,146
2,4,5,4,146
2,4,5,4,146
2,4,5,46,139
2,4,5,46,139
2,4,5,46,139
2,4,5,46,139
2,4,5,46,139
2,4,5,46,139
2,4,5,9,108
2,4,5,9,108
2,4,5,9,108
2,4,5,9,108
2,4,5,9,108
2,4,5,9,108
2,4,5,9,108
2,4,5,9,108
2,4,5,9,108
2,4,5,9,108
2,4,5,9,108
2,4,2,68,145
2,4,2,42,137
2,4,2,42,137
2,4,2,42,137
2,4,2,42,137
2,4,2,42,137
2,4,2,42,137
2,4,2,42,137
2,4,2,42,137
2,4,2,42,137
2,4,2,42,137
2,4,2,42,137
2,4,2,42,137
2,4,2,42,137
2,4,2,42,137
2,4,2,42,137
2,4,2,42,137
2,4,2,42,137
2,4,2,42,137
2,4,2,42,137
2,4,2,42,137
2,4,2,42,137
2,4,2,42,137
2,4,2,42,137
2,4,2,25,91
2,4,2,25,91
2,4,2,25,91
2,4,2,25,91
2,4,2,25,91
2,4,2,25,91
2,4,2,25,91
2,4,2,25,91
2,4,2,25,91
2,4,2,25,91
2,4,2,25,91
2,4,2,25,91
2,4,2,25,91
2,4,2,25,91
2,4,2,25,91
2,4,2,25,91
2,4,2,25,91
2,4,2,25,91
2,4,2,25,91
2,4,2,25,91
2,4,2,25,91
2,4,2,25,91
2,4,2,25,91
2,4,2,25,91
2,4,2,25,91
2,4,2,25,91
2,4,2,25,91
2,4,2,25,91
2,4,2,25,91
2,4,2,25,91
2,4,2,25,91
2,4,2,25,91
2,4,2,25,91
2,4,2,25,91
2,4,2,25,126
2,4,2,25,126
2,3,5,3,67
2,3,5,3,67
2,3,5,3,67
2,3,5,3,67
2,3,5,3,67
2,3,5,3,67
2,3,5,3,67
2,3,5,3,67
2,3,5,3,67
2,3,5,3,67
2,3,5,3,67
2,3,5,15,96
2,3,5,15,96
2,3,5,9,101
2,3,5,9,101
2,3,5,9,101
2,3,5,9,101
2,3,5,9,101
2,3,5,9,101
2,3,5,9,101
2,3,5,9,101
2,3,5,43,57
2,3,5,43,57
2,3,5,43,57
2,3,5,43,57
2,3,5,43,57
2,3,5,43,57
2,3,5,43,57
2,3,5,43,57
2,3,5,43,57
2,3,5,43,57
2,3,5,43,57
2,3,5,43,58
2,3,5,43,58
2,3,5,43,58
2,3,5,43,58
2,3,5,43,58
2,3,5,43,58
2,3,5,43,58
2,3,5,43,58
2,3,5,43,58
2,3,5,43,58
2,3,5,65,93
2,3,5,65,93
2,3,5,65,93
2,3,5,65,93
2,3,5,65,93
2,3,5,67,88
2,3,5,67,88
2,3,5,67,88
2,3,5,67,88
2,3,5,67,88
2,3,5,67,88
2,3,5,67,88
2,3,5,67,88
2,3,5,67,88
2,3,5,67,88
2,3,5,67,88
2,3,5,67,88
2,3,5,67,88
2,3,5,67,88
2,3,5,67,88
2,3,5,67,88
2,3,5,66,68
2,3,5,66,68
2,3,5,66,68
2,3,5,66,68
2,3,5,66,68
2,3,5,66,68
2,3,5,66,68
2,3,5,66,68
2,3,5,66,68
2,3,5,66,68
2,3,5,66,68
2,3,5,66,68
2,3,5,66,68
2,3,5,66,68
2,3,5,66,68
2,3,5,66,68
2,3,5,66,68
2,3,5,66,68
2,3,5,66,68
2,3,5,66,68
2,3,5,13,100
2,3,5,13,100
2,3,5,13,100
2,3,5,13,100
2,3,5,13,100
2,3,5,13,100
2,3,5,13,100
2,3,5,13,100
2,3,5,4,71
2,3,5,4,75
2,3,5,4,75
2,3,5,4,75
2,3,5,4,75
2,3,5,4,75
2,3,5,4,75
2,3,5,46,139
2,3,5,46,139
2,3,5,46,139
2,3,5,46,139
2,3,5,46,139
2,3,5,46,139
2,3,5,46,139
2,3,5,46,139
2,3,2,68,145
2,3,2,42,137
2,3,2,42,137
2,3,2,42,137
2,3,2,42,137
2,3,2,42,137
2,3,2,42,137
2,3,2,42,137
2,3,2,42,137
2,3,2,42,137
2,3,2,42,137
2,3,2,42,137
2,3,2,42,137
2,3,2,42,137
2,3,2,42,137
2,3,2,42,137
2,3,2,42,137
2,3,2,25,91
2,3,2,25,91
2,3,2,25,91
2,3,2,25,91
2,3,2,25,91
2,3,2,25,91
2,3,2,25,91
2,3,2,25,91
2,3,2,25,91
2,3,2,25,126
2,4,5,3,67
2,4,5,3,67
2,4,5,3,67
2,4,5,3,67
2,4,5,3,67
2,4,5,3,67
2,4,5,3,67
2,4,5,3,67
2,4,5,3,79
2,4,5,15,96
2,4,5,15,96
2,4,5,15,96
2,4,5,15,96
2,4,5,15,96
2,4,5,9,101
2,4,5,9,101
2,4,5,9,101
2,4,5,9,101
2,4,5,9,101
2,4,5,43,57
2,4,5,43,57
2,4,5,43,57
2,4,5,43,57
2,4,5,43,57
2,4,5,43,57
2,4,5,43,57
2,4,5,43,57
2,4,5,43,57
2,4,5,43,57
2,4,5,43,57
2,4,5,43,57
2,4,5,43,57
2,4,5,43,57
2,4,5,43,58
2,4,5,43,58
2,4,5,43,58
2,4,5,43,58
2,4,5,43,58
2,4,5,43,58
2,4,5,43,58
2,4,5,43,58
2,4,5,43,58
2,4,5,43,58
2,4,5,43,58
2,4,5,43,58
2,4,5,65,93
2,4,5,65,93
2,4,5,65,93
2,4,5,65,93
2,4,5,65,93
2,4,5,65,93
2,4,5,65,93
2,4,5,65,93
2,4,5,65,93
2,4,5,65,93
2,4,5,67,88
2,4,5,67,88
2,4,5,67,88
2,4,5,67,88
2,4,5,67,88
2,4,5,67,88
2,4,5,67,88
2,4,5,67,88
2,4,5,67,88
2,4,5,67,88
2,4,5,67,88
2,4,5,67,88
2,4,5,67,88
2,4,5,67,88
2,4,5,67,88
2,4,5,67,88
2,4,5,67,88
2,4,5,67,88
2,4,5,67,88
2,4,5,67,88
2,4,5,67,88
2,4,5,67,88
2,4,5,67,88
2,4,5,66,68
2,4,5,66,68
2,4,5,66,68
2,4,5,66,68
2,4,5,66,68
2,4,5,66,68
2,4,5,66,68
2,4,5,66,68
2,4,5,66,68
2,4,5,66,68
2,4,5,66,68
2,4,5,66,68
2,4,5,66,68
2,4,5,66,68
2,4,5,66,68
2,4,5,66,68
2,4,5,66,68
2,4,5,66,68
2,4,5,66,68
2,4,5,66,68
2,4,5,66,68
2,4,5,66,68
2,4,5,13,100
2,4,5,13,100
2,4,5,13,100
2,4,5,13,100
2,4,5,13,100
2,4,5,13,100
2,4,5,13,100
2,4,5,13,100
2,4,5,13,100
2,4,5,4,62
2,4,5,4,62
2,4,5,4,71
2,4,5,4,71
2,4,5,4,75
2,4,5,4,75
2,4,5,4,75
2,4,5,4,75
2,4,5,4,75
2,4,5,4,75
2,4,5,4,75
2,4,5,4,75
2,4,5,4,75
2,4,5,4,146
2,4,5,4,146
2,4,5,46,139
2,4,5,46,139
2,4,5,46,139
2,4,5,46,139
2,4,5,46,139
2,4,5,46,139
2,4,5,46,139
2,4,5,46,139
2,4,2,68,145
2,4,2,42,137
2,4,2,42,137
2,4,2,42,137
2,4,2,42,137
2,4,2,42,137
2,4,2,42,137
2,4,2,42,137
2,4,2,42,137
2,4,2,42,137
2,4,2,42,137
2,4,2,42,137
2,4,2,42,137
2,4,2,42,137
2,4,2,42,137
2,4,2,42,137
2,4,2,42,137
2,4,2,42,137
2,4,2,42,137
2,4,2,42,137
2,4,2,42,137
2,4,2,42,137
2,4,2,25,91
2,4,2,25,91
2,4,2,25,91
2,4,2,25,91
2,4,2,25,91
2,4,2,25,91
2,4,2,25,91
2,4,2,25,91
2,4,2,25,91
2,4,2,25,91
2,4,2,25,91
2,4,2,25,91
2,4,2,25,91
2,4,2,25,91
2,4,2,25,91
2,4,2,25,91
2,4,2,25,91
2,4,2,25,91
2,4,2,25,144
2,4,2,25,144
